image_width: 512
image_height: 512
camera_name: synthetic_camera
camera_matrix:
  rows: 3
  cols: 3
  data: [618.0387912326389, 0, 0.0, 0, 618.0387912326389, 0.0, 0, 0, 1]
distortion_model: plumb_bob
distortion_coefficients:
  rows: 1
  cols: 5
  data: [0, 0, 0, 0, 0]
rectification_matrix:
  rows: 3
  cols: 3
  data: [1, 0, 0, 0, 1, 0, 0, 0, 1]
projection_matrix:
  rows: 3
  cols: 4
  data: [618.0387912326389, 0, 0.0, 0, 0, 618.0387912326389, 0.0, 0, 0, 0, 1, 0]
